stm32f334x4 16 12 4
stm32f301x6 32 16 0
stm32f302x6 32 16 0
stm32f303x6 32 12 4
stm32f334x6 32 12 4
stm32f301x8 64 16 0
stm32f302x8 64 16 0
stm32f303x8 64 12 4
stm32f318x8 64 16 0
stm32f328x8 64 12 4
stm32f334x8 64 12 4
stm32f373x8 64 16 0
stm32f373xb 128 24 0
stm32f302xb 128 32 0
stm32f303xb 128 32 8
stm32f373xc 256 32 0
stm32f378xc 256 32 0
stm32f302xc 256 40 0
stm32f303xc 256 40 8
stm32f358xc 256 40 8
stm32f302xd 384 64 0
stm32f303xd 384 64 16
stm32f302xe 512 64 0
stm32f303xe 512 64 16
stm32f398xe 512 64 16
